9008034,97
9008033,97
9008032,97
9008031,97
9008030,97
9008029,97
9008028,97
9008027,97
9008026,97
9008025,97
9008024,97
9007879,97
9007878,97
9007877,97
9007876,97
9007875,97
9007874,97
9007873,97
9007872,97
9007871,97
9007870,97
9007869,97
9007868,97
9007867,97
9007866,97
9007865,97
9007864,97
9007863,97
9007862,97
9007861,97
9007860,97
9007859,97
9007858,97
9007857,97
9007856,97
9007855,97
9007854,97
9007853,97
9007745,97
9007744,97
9007651,97
9007650,97
9007649,97
9007648,97
9007647,97
9007646,97
9007645,97
9007643,97
9007642,97
9007640,97
9007639,97
9007638,97
9007637,97
9007634,97
9007633,97
9007222,97
9007218,97
9007215,97
9007214,97
9007116,97
9007111,97
9007102,97
9007101,97
9006435,97
9006434,97
9006433,97
9006426,97
9005226,28
9005065,28
9007098,99
9007097,99
9007096,100
9007499,105
9007497,105
9007488,105
9007503,106
9007501,106
9007500,106
9007496,106
9007495,106
9007494,106
9007493,106
9007492,106
9007490,106
9007489,106
9007486,106
9007094,123
9007093,123
9007498,107
9007491,107
9007487,107
9007095,108
9007504,109
9007502,109
9007485,109
9007047,110
9007046,110
9007045,110
9007044,110
9007043,110
9007042,110
9007041,110
9007040,110
9007039,110
9007038,110
9007037,110
9007036,110
9007035,110
9007034,110
9007027,110
9007025,110
9007024,110
9007023,110
9007021,110
9007019,110
9006970,110
9006968,110
9006967,110
9006966,110
9006965,110
9006963,110
9006962,110
9006961,110
9006828,110
9001972,111
9003623,113
9003622,113
9003621,113
9003620,113
9007175,112
9006474,112
9006466,112
9006330,112
9006233,112
9005925,112
9005606,112
9005448,112
9005384,112
9005373,112
9005368,112
9005233,112
9005138,112
9005062,112
9005058,112
9005054,112
9004773,112
9004761,112
9004585,112
9004368,112
9004129,112
9004081,112
9003858,112
9003727,112
9003418,112
9003342,112
9003026,112
9002916,112
9002810,112
9002645,112
9002529,112
9002458,112
9002230,112
9002222,112
9007525,112
9007334,115
9007286,115
9007281,115
9002767,116
9002342,116
9001539,116
9003416,117
9007522,118
9007514,118
9007452,118
9005905,118
9003732,120
9005366,121
9005755,122
9004130,121
9000860,121
