9007813,13
9007660,13
9007575,13
9007445,13
9007237,13
9007187,13
9006829,13
9006661,13
9006518,13
9006455,13
9006366,13
9006227,13
9006140,13
9006103,13
9006031,13
9005973,13
9005959,13
9005780,13
9005734,13
9005676,13
9005645,13
9005559,13
9005555,13
9005469,13
9005445,13
9005409,13
9005302,13
9005254,13
9005186,13
9004827,13
9004712,13
9004630,13
9004359,13
9004293,13
9004187,13
9003995,13
9003857,13
9003753,13
9003503,13
9003440,13
9003344,13
9003113,13
9003011,13
9002941,13
9002834,13
9002662,13
9002576,13
9002427,13
9002217,13
9002187,13
9002157,13
9001924,13
9001726,13
9008037,14
9007944,14
9007811,14
9007783,14
9007780,14
9007728,14
9007588,14
9007557,14
9007458,14
9007429,14
9007340,14
9007292,14
9007251,14
9007227,14
9007154,14
9006917,14
9006879,14
9006848,14
9006721,14
9006657,14
9006650,14
9006537,14
9006505,14
9006496,14
9006454,14
9006408,14
9006360,14
9006322,14
9006226,14
9006187,14
9006185,14
9006144,14
9006124,14
9006097,14
9006045,14
9006044,14
9006019,14
9005961,14
9005882,14
9005880,14
9005827,14
9005807,14
9005790,14
9005767,14
9005750,14
9005739,14
9005673,14
9005668,14
9005602,14
9005600,14
9005591,14
9005540,14
9005467,14
9005465,14
9005446,14
9005400,14
9005326,14
9005317,14
9005291,14
9005245,14
9005221,14
9005208,14
9005111,14
9004998,14
9004834,14
9004831,14
9004785,14
9004710,14
9004706,14
9004626,14
9004571,14
9004541,14
9004355,14
9004347,14
9004321,14
9004310,14
9004285,14
9004259,14
9004185,14
9004178,14
9003989,14
9003935,14
9003909,14
9003865,14
9003859,14
9003789,14
9003749,14
9003744,14
9003548,14
9003505,14
9003468,14
9003444,14
9003387,14
9003329,14
9003311,14
9003185,14
9003144,14
9003114,14
9003065,14
9003023,14
9002995,14
9002977,14
9002907,14
9002852,14
9002836,14
9002798,14
9002733,14
9002657,14
9002596,14
9002578,14
9002532,14
9002476,14
9002426,14
9002371,14
9002259,14
9002186,14
9002163,14
9002161,14
9002041,14
9001941,14
9001930,14
9001927,14
9001845,14
9001831,14
9001801,14
9001738,14
9001731,14
9001694,14
9001686,14
9001634,14
9001633,14
9001557,14
9001491,14
9001478,14
9001236,14
9001094,14
9001087,14
9001077,14
9000857,14
9000855,14
9000801,14
9000755,14
9000599,14
9000589,14
9000549,14
9000522,14
9000434,14
9000427,14
9000424,14
9000355,14
9000334,14
9000333,14
9000221,14
9000220,14
9000191,14
9000183,14
9000086,14
9000056,14
9000017,14
9008049,15
9008039,15
9007941,15
9007923,15
9007822,15
9007816,15
9007774,15
9007731,15
9007730,15
9007722,15
9007586,15
9007574,15
9007566,15
9007563,15
9007430,15
9007428,15
9007273,15
9007272,15
9007228,15
9007201,15
9007199,15
9007178,15
9006938,15
9006909,15
9006891,15
9006887,15
9006847,15
9006719,15
9006715,15
9006658,15
9006655,15
9006654,15
9006535,15
9006528,15
9006503,15
9006494,15
9006449,15
9006443,15
9006396,15
9006388,15
9006352,15
9006320,15
9006225,15
9006209,15
9006200,15
9006190,15
9006148,15
9006128,15
9006119,15
9006098,15
9006046,15
9006030,15
9006020,15
9006001,15
9005979,15
9005958,15
9005957,15
9005875,15
9005837,15
9005830,15
9005829,15
9005828,15
9005766,15
9005757,15
9005753,15
9005745,15
9005741,15
9005740,15
9005700,15
9005662,15
9005644,15
9005605,15
9005594,15
9005577,15
9005567,15
9005537,15
9005471,15
9005452,15
9005440,15
9005412,15
9005397,15
9005311,15
9005276,15
9005275,15
9005248,15
9005247,15
9005246,15
9005178,15
9005129,15
9005110,15
9005105,15
9005012,15
9005004,15
9004835,15
9004825,15
9004776,15
9004748,15
9004738,15
9004716,15
9004702,15
9004700,15
9004629,15
9004584,15
9004572,15
9004539,15
9004464,15
9004459,15
9004370,15
9004367,15
9004356,15
9004349,15
9004299,15
9004296,15
9004294,15
9004262,15
9004227,15
9004226,15
9004190,15
9004179,15
9003992,15
9003991,15
9003948,15
9003936,15
9003920,15
9003901,15
9003867,15
9003860,15
9003824,15
9003794,15
9003788,15
9003756,15
9003743,15
9003740,15
9003715,15
9003549,15
9003510,15
9003507,15
9003490,15
9003478,15
9003438,15
9003372,15
9003354,15
9003326,15
9003324,15
9003314,15
9003313,15
9003191,15
9003186,15
9003173,15
9003147,15
9003121,15
9003115,15
9003068,15
9003029,15
9003028,15
9002978,15
9002974,15
9002945,15
9002935,15
9002873,15
9002872,15
9002832,15
9002808,15
9002796,15
9002734,15
9002699,15
9002679,15
9002665,15
9002584,15
9002580,15
9002579,15
9002523,15
9002522,15
9002480,15
9002473,15
9002421,15
9002420,15
9002416,15
9002280,15
9002219,15
9002218,15
9002200,15
9002196,15
9002189,15
9002168,15
9002047,15
9002046,15
9002007,15
9001920,15
9001856,15
9001846,15
9001836,15
9001825,15
9001816,15
9001813,15
9001781,15
9001777,15
9001755,15
9001737,15
9001732,15
9001700,15
9001691,15
9001687,15
9001635,15
9001617,15
9001606,15
9001578,15
9001561,15
9001560,15
9001495,15
9001229,15
9001148,15
9001125,15
9001105,15
9001091,15
9000849,15
9000822,15
9000806,15
9000798,15
9000794,15
9000765,15
9000600,15
9000594,15
9000591,15
9000554,15
9000532,15
9000529,15
9000518,15
9000439,15
9000401,15
9000393,15
9000366,15
9000336,15
9000322,15
9000260,15
9000256,15
9000252,15
9000193,15
9000178,15
9000150,15
9000142,15
9000091,15
9000060,15
9000031,15
9008052,16
9008038,16
9007930,16
9007924,16
9007809,16
9007808,16
9007791,16
9007772,16
9007729,16
9007721,16
9007720,16
9007717,16
9007592,16
9007587,16
9007558,16
9007548,16
9007433,16
9007427,16
9007339,16
9007287,16
9007271,16
9007253,16
9007238,16
9007193,16
9007183,16
9007151,16
9006910,16
9006871,16
9006869,16
9006846,16
9006836,16
9006723,16
9006716,16
9006660,16
9006649,16
9006536,16
9006533,16
9006493,16
9006492,16
9006456,16
9006453,16
9006406,16
9006401,16
9006362,16
9006359,16
9006318,16
9006255,16
9006218,16
9006217,16
9006186,16
9006184,16
9006145,16
9006125,16
9006123,16
9006071,16
9006068,16
9006051,16
9006043,16
9006016,16
9006015,16
9006008,16
9005985,16
9005955,16
9005883,16
9005872,16
9005869,16
9005839,16
9005836,16
9005809,16
9005784,16
9005783,16
9005746,16
9005743,16
9005737,16
9005702,16
9005674,16
9005667,16
9005613,16
9005601,16
9005587,16
9005576,16
9005539,16
9005464,16
9005450,16
9005441,16
9005403,16
9005396,16
9005395,16
9005323,16
9005320,16
9005289,16
9005241,16
9005240,16
9005213,16
9005209,16
9005188,16
9005130,16
9005114,16
9005113,16
9005100,16
9005015,16
9004999,16
9004837,16
9004829,16
9004826,16
9004790,16
9004786,16
9004739,16
9004733,16
9004718,16
9004717,16
9004713,16
9004704,16
9004627,16
9004600,16
9004587,16
9004574,16
9004573,16
9004547,16
9004469,16
9004458,16
9004364,16
9004363,16
9004354,16
9004348,16
9004320,16
9004311,16
9004303,16
9004297,16
9004255,16
9004252,16
9004228,16
9004225,16
9004188,16
9004186,16
9004177,16
9003994,16
9003990,16
9003947,16
9003943,16
9003933,16
9003921,16
9003897,16
9003894,16
9003870,16
9003868,16
9003827,16
9003795,16
9003787,16
9003747,16
9003746,16
9003745,16
9003735,16
9003717,16
9003716,16
9003551,16
9003506,16
9003484,16
9003469,16
9003464,16
9003445,16
9003442,16
9003389,16
9003386,16
9003355,16
9003346,16
9003328,16
9003327,16
9003325,16
9003176,16
9003175,16
9003141,16
9003125,16
9003124,16
9003072,16
9003064,16
9003021,16
9003016,16
9003010,16
9002980,16
9002976,16
9002975,16
9002950,16
9002942,16
9002932,16
9002909,16
9002891,16
9002889,16
9002869,16
9002853,16
9002837,16
9002835,16
9002807,16
9002795,16
9002741,16
9002730,16
9002693,16
9002661,16
9002659,16
9002655,16
9002585,16
9002583,16
9002574,16
9002572,16
9002533,16
9002487,16
9002485,16
9002481,16
9002474,16
9002439,16
9002419,16
9002417,16
9002353,16
9002292,16
9002261,16
9002221,16
9002194,16
9002188,16
9002169,16
9002162,16
9002160,16
9002043,16
9002028,16
9002001,16
9001947,16
9001937,16
9001932,16
9001928,16
9001926,16
9001925,16
9001923,16
9001922,16
9001854,16
9001847,16
9001812,16
9001803,16
9001797,16
9001789,16
9001785,16
9001769,16
9001736,16
9001728,16
9001702,16
9001698,16
9001695,16
9001688,16
9001679,16
9001638,16
9001637,16
9001614,16
9001607,16
9001582,16
9001567,16
9001556,16
9001548,16
9001487,16
9001486,16
9001249,16
9001228,16
9001208,16
9001126,16
9001123,16
9001116,16
9001101,16
9001086,16
9001083,16
9000859,16
9000854,16
9000851,16
9000821,16
9000792,16
9000791,16
9000766,16
9000753,16
9000597,16
9000590,16
9000588,16
9000548,16
9000545,16
9000531,16
9000525,16
9000521,16
9000444,16
9000429,16
9000428,16
9000426,16
9000403,16
9000356,16
9000354,16
9000342,16
9000337,16
9000326,16
9000255,16
9000253,16
9000250,16
9000219,16
9000192,16
9000182,16
9000177,16
9000176,16
9000141,16
9000088,16
9000083,16
9000058,16
9000057,16
9000011,16
9008051,17
9008048,17
9007943,17
9007931,17
9007928,17
9007823,17
9007814,17
9007807,17
9007786,17
9007779,17
9007719,17
9007718,17
9007708,17
9007593,17
9007591,17
9007573,17
9007570,17
9007551,17
9007459,17
9007432,17
9007282,17
9007276,17
9007231,17
9007229,17
9007203,17
9007202,17
9007185,17
9007159,17
9006912,17
9006908,17
9006890,17
9006889,17
9006849,17
9006839,17
9006718,17
9006717,17
9006696,17
9006659,17
9006656,17
9006534,17
9006527,17
9006517,17
9006504,17
9006497,17
9006457,17
9006452,17
9006402,17
9006397,17
9006357,17
9006353,17
9006319,17
9006231,17
9006210,17
9006189,17
9006183,17
9006151,17
9006143,17
9006139,17
9006107,17
9006074,17
9006073,17
9006070,17
9006042,17
9006041,17
9006014,17
9006009,17
9005995,17
9005960,17
9005881,17
9005873,17
9005868,17
9005843,17
9005831,17
9005826,17
9005811,17
9005795,17
9005794,17
9005781,17
9005765,17
9005749,17
9005748,17
9005744,17
9005675,17
9005663,17
9005658,17
9005639,17
9005599,17
9005578,17
9005557,17
9005554,17
9005538,17
9005457,17
9005454,17
9005444,17
9005417,17
9005416,17
9005318,17
9005312,17
9005297,17
9005250,17
9005249,17
9005217,17
9005180,17
9005179,17
9005131,17
9005116,17
9005112,17
9005106,17
9005069,17
9005011,17
9005009,17
9004836,17
9004832,17
9004824,17
9004784,17
9004775,17
9004740,17
9004707,17
9004705,17
9004703,17
9004701,17
9004691,17
9004628,17
9004598,17
9004594,17
9004589,17
9004588,17
9004583,17
9004540,17
9004465,17
9004463,17
9004460,17
9004366,17
9004360,17
9004353,17
9004350,17
9004313,17
9004295,17
9004288,17
9004282,17
9004260,17
9004254,17
9004230,17
9004219,17
9004191,17
9004184,17
9004182,17
9004181,17
9003997,17
9003986,17
9003949,17
9003942,17
9003922,17
9003886,17
9003861,17
9003852,17
9003847,17
9003831,17
9003801,17
9003792,17
9003757,17
9003751,17
9003750,17
9003748,17
9003718,17
9003553,17
9003552,17
9003504,17
9003492,17
9003485,17
9003466,17
9003441,17
9003439,17
9003391,17
9003390,17
9003348,17
9003347,17
9003310,17
9003309,17
9003308,17
9003189,17
9003183,17
9003174,17
9003143,17
9003142,17
9003122,17
9003116,17
9003066,17
9003027,17
9003024,17
9003009,17
9002996,17
9002979,17
9002973,17
9002971,17
9002946,17
9002934,17
9002905,17
9002904,17
9002854,17
9002851,17
9002827,17
9002826,17
9002825,17
9002789,17
9002740,17
9002732,17
9002703,17
9002700,17
9002681,17
9002666,17
9002658,17
9002582,17
9002581,17
9002577,17
9002573,17
9002540,17
9002519,17
9002502,17
9002486,17
9002482,17
9002479,17
9002434,17
9002418,17
9002372,17
9002354,17
9002309,17
9002291,17
9002288,17
9002260,17
9002201,17
9002195,17
9002193,17
9002167,17
9002165,17
9002158,17
9002061,17
9002042,17
9002000,17
9001938,17
9001935,17
9001931,17
9001921,17
9001913,17
9001858,17
9001850,17
9001835,17
9001834,17
9001826,17
9001817,17
9001806,17
9001798,17
9001788,17
9001786,17
9001779,17
9001773,17
9001725,17
9001722,17
9001705,17
9001704,17
9001703,17
9001693,17
9001689,17
9001677,17
9001640,17
9001619,17
9001593,17
9001577,17
9001570,17
9001549,17
9001494,17
9001477,17
9001476,17
9001233,17
9001217,17
9001210,17
9001149,17
9001124,17
9001110,17
9001106,17
9001090,17
9001082,17
9000858,17
9000853,17
9000848,17
9000823,17
9000820,17
9000817,17
9000804,17
9000802,17
9000799,17
9000783,17
9000764,17
9000752,17
9000604,17
9000596,17
9000585,17
9000583,17
9000555,17
9000547,17
9000528,17
9000523,17
9000520,17
9000519,17
9000432,17
9000431,17
9000402,17
9000399,17
9000365,17
9000358,17
9000357,17
9000344,17
9000343,17
9000335,17
9000259,17
9000258,17
9000257,17
9000254,17
9000251,17
9000171,17
9000170,17
9000153,17
9000152,17
9000151,17
9000143,17
9000136,17
9000128,17
9000090,17
9000085,17
9000061,17
9000059,17
9000008,17
9000002,17
9007431,17
9008047,18
9007932,18
9007815,18
9007812,18
9007710,18
9007571,18
9007451,18
9007230,18
9007194,18
9006934,18
9006827,18
9006714,18
9006648,18
9006502,18
9006451,18
9006364,18
9006224,18
9006142,18
9006120,18
9006047,18
9006003,18
9005866,18
9005858,18
9005845,18
9005761,18
9005742,18
9005680,18
9005640,18
9005572,18
9005570,18
9005443,18
9005327,18
9005303,18
9005242,18
9005177,18
9005101,18
9005008,18
9005005,18
9004828,18
9004787,18
9004735,18
9004711,18
9004698,18
9004597,18
9004543,18
9004470,18
9004369,18
9004346,18
9004291,18
9004263,18
9004218,18
9004176,18
9003996,18
9003987,18
9003902,18
9003869,18
9003815,18
9003755,18
9003741,18
9003550,18
9003508,18
9003483,18
9003437,18
9003371,18
9003353,18
9003315,18
9003190,18
9003188,18
9003184,18
9003146,18
9003145,18
9003071,18
9003020,18
9003012,18
9002972,18
9002949,18
9002870,18
9002833,18
9002799,18
9002663,18
9002654,18
9002569,18
9002541,18
9002539,18
9002477,18
9002367,18
9002213,18
9002199,18
9002171,18
9002048,18
9001940,18
9001844,18
9001830,18
9001815,18
9001774,18
9001734,18
9001680,18
9001636,18
9001565,18
9001493,18
9001117,18
9001102,18
9001092,18
9000856,18
9000796,18
9000779,18
9000751,18
9000595,18
9000556,18
9000517,18
9000440,18
9000423,18
9000346,18
9000275,18
9000261,18
9000184,18
9000148,18
9000106,18
9000068,18
9000030,18
9008040,19
9008009,19
9007998,19
9007790,19
9007661,19
9007596,19
9007567,19
9007331,19
9007274,19
9007236,19
9007171,19
9006935,19
9006850,19
9006722,19
9006662,19
9005293,19
9005070,19
9005007,19
9004789,19
9004737,19
9004714,19
9004708,19
9004575,19
9004545,19
9004467,19
9004352,19
9004290,19
9004289,19
9003817,19
9003809,19
9003768,19
9003742,19
9002908,19
9002868,19
9002831,19
9002797,19
9002738,19
9002701,19
9002680,19
9002664,19
9002568,19
9002521,19
9002501,19
9002484,19
9002478,19
9002370,19
9002355,19
9006495,19
9006441,19
9006389,19
9006321,19
9006201,19
9006149,19
9006091,19
9006029,19
9005986,19
9005972,19
9005966,19
9005870,19
9005823,19
9005812,19
9005785,19
9005751,19
9005638,19
9005571,19
9005569,19
9005408,19
9005328,19
9005314,19
9005195,19
9005132,19
9004611,19
9004362,19
9004312,19
9004222,19
9003952,19
9003944,19
9003844,19
9003491,19
9003467,19
9003373,19
9003312,19
9003123,19
9003112,19
9002947,19
9002503,19
9002191,19
9002172,19
9002166,19
9002044,19
9001999,19
9001943,19
9001933,19
9001827,19
9001814,19
9001805,19
9001799,19
9001787,19
9001733,19
9001664,19
9001613,19
9001595,19
9001550,19
9001492,19
9001234,19
9001209,19
9001147,19
9001122,19
9001089,19
9001085,19
9000850,19
9000819,19
9000805,19
9000789,19
9000763,19
9000754,19
9000587,19
9000586,19
9000553,19
9000546,19
9000443,19
9000435,19
9000383,19
9000345,19
9000325,19
9000300,19
9000263,19
9000222,19
9000181,19
9000166,19
9000149,19
9000144,19
9000075,19
9000067,19
9000012,19
9007670,20
9007288,20
9006915,20
9006663,20
9006529,20
9006351,20
9006234,20
9006158,20
9005996,20
9002994,21
9002993,21
9002970,21
9002969,21
9002933,21
9002911,21
9002910,21
9002906,21
9002876,21
9002874,21
9002867,21
9002866,21
9002830,21
9002829,21
9002828,21
9002806,21
9002803,21
9002802,21
9002801,21
9002739,21
9002737,21
9002731,21
9002704,21
9002695,21
9002694,21
9002678,21
9002643,21
9002640,21
9002639,21
9002638,21
9002571,21
9002570,21
9002560,21
9002558,21
9002557,21
9002547,21
9002546,21
9002528,21
9002527,21
9002518,21
9002509,21
9002497,21
9002493,21
9002475,21
9002455,21
9002438,21
9002431,21
9002430,21
9002429,21
9002428,21
9002425,21
9002424,21
9002423,21
9002422,21
9002375,21
9002374,21
9002373,21
9002369,21
9002368,21
9007940,21
9007797,21
9007671,21
9007556,21
9007555,21
9007404,21
9007351,21
9007295,21
9007250,21
9007200,21
9006695,21
9006639,21
9007153,21
9005451,21
9003070,21
9001848,21
9001425,21
9001177,21
9000602,21
9000425,21
9000320,21
9000162,21
9000127,21
9007921,22
9007186,22
9006115,22
9006111,22
9006076,22
9005431,22
9005203,22
9004357,22
9004298,22
9003488,22
9003040,22
9002588,22
9002489,22
9002179,22
9001751,22
9001678,22
9001622,22
9001621,22
9001552,22
9001463,22
9001461,22
9001434,22
9001250,22
9001176,22
9001175,22
9001174,22
9001169,22
9001120,22
9001112,22
9000614,22
9000568,22
9000567,22
9000453,22
9000451,22
9000450,22
9000391,22
9000318,22
9000314,22
9000313,22
9000312,22
9000311,22
9000223,22
9000210,22
9000185,22
9000096,22
9000003,22
9006392,23
9006301,23
9006118,23
9006116,23
9006050,23
9006040,23
9005983,23
9005952,23
9005793,23
9005706,23
9005556,23
9005432,23
9005402,23
9005307,23
9005262,23
9004651,23
9004287,23
9004180,23
9003904,23
9003900,23
9003856,23
9003854,23
9003818,23
9003807,23
9003778,23
9003770,23
9003719,23
9003714,23
9003534,23
9003509,23
9003489,23
9003486,23
9003457,23
9003350,23
9003337,23
9003336,23
9003181,23
9003158,23
9003156,23
9003140,23
9003069,23
9003067,23
9003063,23
9003025,23
9002084,23
9001945,23
9001917,23
9001804,23
9001800,23
9001706,23
9001682,23
9001629,23
9001618,23
9001605,23
9001603,23
9001597,23
9001571,23
9001480,23
9001479,23
9001400,23
9001277,23
9001276,23
9001275,23
9001274,23
9001273,23
9001272,23
9001271,23
9001270,23
9006566,24
9006506,24
9006500,24
9006499,24
9006445,24
9006444,24
9006417,24
9006390,24
9006375,24
9006314,24
9006303,24
9006302,24
9006300,24
9006196,24
9006195,24
9006193,24
9006127,24
9006126,24
9006117,24
9006096,24
9006064,24
9006063,24
9006037,24
9006036,24
9006028,24
9005984,24
9005975,24
9005962,24
9005956,24
9005951,24
9005950,24
9005931,24
9005782,24
9005763,24
9005754,24
9005738,24
9005732,24
9005707,24
9005704,24
9005703,24
9005637,24
9005595,24
9005588,24
9005585,24
9005580,24
9005433,24
9005399,24
9005334,24
9005304,24
9005181,24
9004566,24
9004461,24
9004286,24
9004251,24
9004183,24
9003950,24
9003908,24
9003906,24
9003905,24
9003848,24
9003819,24
9003769,24
9003767,24
9003720,24
9003526,24
9003501,24
9003487,24
9003443,24
9003436,24
9003351,24
9003338,24
9003177,24
9003159,24
9003157,24
9001919,24
9000014,24
9000013,24
9007934,25
9007820,25
9007810,25
9007716,25
9007335,25
9007280,25
9006921,25
9006873,25
9006689,25
9006688,25
9006602,25
9006559,25
9006438,25
9006403,25
9006371,25
9006370,25
9006327,25
9006305,25
9006214,25
9006205,25
9006192,25
9006170,25
9006167,25
9006133,25
9006129,25
9006087,25
9006059,25
9006035,25
9006034,25
9006017,25
9005954,25
9005948,25
9005947,25
9005946,25
9005945,25
9005944,25
9005943,25
9005942,25
9005941,25
9005940,25
9005938,25
9005937,25
9005936,25
9005927,25
9005900,25
9005879,25
9005878,25
9005877,25
9005876,25
9005867,25
9005864,25
9005863,25
9005862,25
9005856,25
9005854,25
9005853,25
9005850,25
9005849,25
9005848,25
9005847,25
9005846,25
9005818,25
9005817,25
9005816,25
9005815,25
9005814,25
9005810,25
9005800,25
9005796,25
9005791,25
9005777,25
9005776,25
9005774,25
9005773,25
9005772,25
9005771,25
9005770,25
9005730,25
9005729,25
9005728,25
9005727,25
9005726,25
9005725,25
9005724,25
9005723,25
9005722,25
9005721,25
9005716,25
9005714,25
9005713,25
9005712,25
9005711,25
9005710,25
9005709,25
9005698,25
9007087,25
9007086,25
9007085,25
9007084,25
9007083,25
9007082,25
9007081,25
9007080,25
9007079,25
9007078,25
9007077,25
9007076,25
9007075,25
9007074,25
9007073,25
9007072,25
9007071,25
9007070,25
9007069,25
9007068,25
9005686,25
9005685,25
9005684,25
9005683,25
9005679,25
9005678,25
9005677,25
9005651,25
9005650,25
9005649,25
9005648,25
9005647,25
9005628,25
9005627,25
9005626,25
9005625,25
9005624,25
9005623,25
9005622,25
9005621,25
9005620,25
9005619,25
9005618,25
9005617,25
9005608,25
9005593,25
9005592,25
9005590,25
9005589,25
9005586,25
9005584,25
9005583,25
9005575,25
9005565,25
9005563,25
9005561,25
9005560,25
9005558,25
9005550,25
9005549,25
9005548,25
9005544,25
9005543,25
9005542,25
9005541,25
9005470,25
9005468,25
9005461,25
9005460,25
9005459,25
9005458,25
9005449,25
9005439,25
9005438,25
9005437,25
9005436,25
9005435,25
9005430,25
9005429,25
9005428,25
9005426,25
9005415,25
9005407,25
9005393,25
9005392,25
9005388,25
9005331,25
9005330,25
9005329,25
9005319,25
9005316,25
9007564,26
9008045,26
9008044,26
9008043,26
9008042,26
9008041,26
9008036,26
9008035,26
9008017,26
9008015,26
9008014,26
9008003,26
9007999,26
9007997,26
9007996,26
9007993,26
9007992,26
9007947,26
9007942,26
9007939,26
9007938,26
9007936,26
9007933,26
9007926,26
9007830,26
9007829,26
9007828,26
9007827,26
9007825,26
9007821,26
9007819,26
9007806,26
9007794,26
9007789,26
9007784,26
9007781,26
9007778,26
9007776,26
9007775,26
9007771,26
9007727,26
9007726,26
9007724,26
9007723,26
9007714,26
9007712,26
9007711,26
9007663,26
9007662,26
9007657,26
9007656,26
9007655,26
9007654,26
9007653,26
9007652,26
9007585,26
9007584,26
9007583,26
9007582,26
9007581,26
9007580,26
9007579,26
9007578,26
9007577,26
9007569,26
9007565,26
9007562,26
9007554,26
9007550,26
9007549,26
9007450,26
9007443,26
9007438,26
9007436,26
9007435,26
9007406,26
9007403,26
9007402,26
9007401,26
9007400,26
9007345,26
9007344,26
9007342,26
9007338,26
9007337,26
9007336,26
9007333,26
9007332,26
9007285,26
9007284,26
9007279,26
9007278,26
9007277,26
9007248,26
9007247,26
9007246,26
9007245,26
9007242,26
9007241,26
9007240,26
9007192,26
9007190,26
9007182,26
9007181,26
9007174,26
9007172,26
9007170,26
9007167,26
9007160,26
9007158,26
9007157,26
9007156,26
9007152,26
9006930,26
9006926,26
9006925,26
9006924,26
9006923,26
9006922,26
9006914,26
9006884,26
9006883,26
9006878,26
9006877,26
9006876,26
9006875,26
9006874,26
9006845,26
9006844,26
9006843,26
9006842,26
9006834,26
9006712,26
9006711,26
9006707,26
9006706,26
9006705,26
9006704,26
9006697,26
9006693,26
9006690,26
9006687,26
9006645,26
9006644,26
9006638,26
9006637,26
9006636,26
9006633,26
9006601,26
9006596,26
9006595,26
9006594,26
9006593,26
9006560,26
9006553,26
9006552,26
9006551,26
9006531,26
9006526,26
9006525,26
9006522,26
9006512,26
9006511,26
9006510,26
9006509,26
9006508,26
9006458,26
9006440,26
9006439,26
9006411,26
9006405,26
9006404,26
9006400,26
9006399,26
9006398,26
9006374,26
9006373,26
9006372,26
9006369,26
9006368,26
9006367,26
9006336,26
9006335,26
9006334,26
9006332,26
9006329,26
9006328,26
9006310,26
9006306,26
9006216,26
9006215,26
9006213,26
9006211,26
9006203,26
9006202,26
9006198,26
9006197,26
9006191,26
9006176,26
9006175,26
9006174,26
9006173,26
9006169,26
9006168,26
9006166,26
9006165,26
9006132,26
9006131,26
9006130,26
9006122,26
9006121,26
9006090,26
9006089,26
9006088,26
9006086,26
9006085,26
9006084,26
9006082,26
9006081,26
9006066,26
9006065,26
9006062,26
9006060,26
9006058,26
9006057,26
9006054,26
9006052,26
9006033,26
9006032,26
9006027,26
9006026,26
9006025,26
9006024,26
9006023,26
9006018,26
9006011,26
9006006,26
9006005,26
9005999,26
9005939,26
9005861,26
9005857,26
9005855,26
9005813,26
9005778,26
9007088,27
9006459,27
9005596,27
9008008,28
9008007,28
9007793,28
9007792,28
9007468,28
9007399,28
9007249,28
9007195,28
9007173,28
9007117,28
9006888,28
9006841,28
9006701,28
9006700,28
9006437,28
9006436,28
9006313,28
9006237,28
9006137,28
9006061,28
9005851,28
9005834,28
9005768,28
9005720,28
9005632,28
9005631,28
9005630,28
9005598,28
9005551,28
9005351,28
9005309,28
9005165,28
9005068,28
9007919,29
9007434,29
9007198,29
9006840,29
9006703,29
9006311,29
9006204,29
9006138,29
9006136,29
9007239,30
9006835,30
9006702,30
9006312,30
9006212,30
9005769,30
9005582,30
9006652,32
9006651,32
9007598,32
9006530,32
9006378,32
9005232,32
9004833,32
9004657,32
9004275,32
9003968,32
9003540,32
9002562,32
9001066,33
9001065,33
9001064,33
9001063,33
9001062,33
9001061,33
9001060,33
9001059,33
9001058,33
9001057,33
9007734,33
9007349,33
9007348,33
9007177,33
9006838,33
9006837,33
9006600,33
9006563,33
9006309,33
9006308,33
9006307,33
9006083,33
9006080,33
9006069,33
9005611,33
9005610,33
9005609,33
9005244,33
9005243,33
9005013,33
9005010,33
9004755,33
9004745,33
9004677,33
9004331,33
9004189,33
9004079,33
9003899,33
9003739,33
9003738,33
9003364,33
9003160,33
9003035,33
9002883,33
9002682,33
9002641,33
9002483,33
9002277,33
9002198,33
9002080,33
9001944,33
9001936,33
9001929,33
9001729,33
9001573,33
9001472,33
9001231,33
9001230,33
9000852,33
9000603,33
9000584,33
9000349,33
9000298,33
9000266,33
9000146,33
9004680,33
9004077,33
9004076,33
9004075,33
9004074,33
9004073,33
9004072,33
9004071,33
9004070,33
9004069,33
9004068,33
9004067,33
9004066,33
9004065,33
9004064,33
9004063,33
9004062,33
9004061,33
9004060,33
9004059,33
9004058,33
9004057,33
9004056,33
9004055,33
9004054,33
9004053,33
9004052,33
9004051,33
9004050,33
9004049,33
9004048,33
9004047,33
9004046,33
9004045,33
9004044,33
9004043,33
9004042,33
9004041,33
9004040,33
9004039,33
9004038,33
9004037,33
9004036,33
9004035,33
9004034,33
9004033,33
9004032,33
9004031,33
9004030,33
9004029,33
9004028,33
9004027,33
9004026,33
9004025,33
9004024,33
9004023,33
9004022,33
9004021,33
9004020,33
9004019,33
9004018,33
9004017,33
9004016,33
9004015,33
9004014,33
9004013,33
9004012,33
9004011,33
9004010,33
9004009,33
9004008,33
9004007,33
9004006,33
9004005,33
9004004,33
9004003,33
9004002,33
9004001,33
9004000,33
9003999,33
9003998,33
9006823,35
9001470,35
9000363,35
9001399,35
9002305,36
9001471,36
9001113,36
9000364,36
9007469,37
9006826,37
9006824,37
9002306,37
9001115,37
9006825,38
9002278,38
9001114,38
9001398,38
9006180,39
9006112,39
9005788,39
9005736,39
9005733,39
9008046,40
9008016,40
9008013,40
9007918,40
9007826,40
9007818,40
9007739,40
9007669,40
9007666,40
9007601,40
9007455,40
9007347,40
9007343,40
9007169,40
9006937,40
9006936,40
9006640,40
9006597,40
9006519,40
9006395,40
9006354,40
9006288,40
9006287,40
9006179,40
9006110,40
9005953,40
9005934,40
9005932,40
9007927,41
9007737,41
9007456,41
9007275,41
9006939,41
9006355,41
9006105,41
9005789,41
9005735,41
9008001,42
9007442,42
9007441,42
9006102,42
9006055,42
9005988,42
9005977,42
9005844,42
9005820,42
9005759,42
9005701,42
9005694,42
9005693,42
9005660,42
9005655,42
9005463,42
9005405,42
9005315,42
9005301,42
9005183,42
9005140,42
9005077,42
9004788,42
9004747,42
9004610,42
9004457,42
9004456,42
9001632,42
9008005,43
9007935,43
9007925,43
9007804,43
9007795,43
9007740,43
9007735,43
9007449,43
9007448,43
9007447,43
9007446,43
9007440,43
9007252,43
9006927,43
9006919,43
9006161,43
9006101,43
9006100,43
9006095,43
9006092,43
9005994,43
9005987,43
9005971,43
9005970,43
9005969,43
9005965,43
9005842,43
9005824,43
9005821,43
9005802,43
9005801,43
9005762,43
9005705,43
9005699,43
9005696,43
9005695,43
9005659,43
9005657,43
9005654,43
9005653,43
9005466,43
9005462,43
9005455,43
9005418,43
9005410,43
9005324,43
9005322,43
9005321,43
9005287,43
9005190,43
9005184,43
9005170,43
9005153,43
9005076,43
9005075,43
9005074,43
9004783,43
9004782,43
9004736,43
9004732,43
9004728,43
9004624,43
9004609,43
9004607,43
9004365,43
9004089,43
9003793,43
9001673,43
9001435,43
9001247,43
9000803,43
9000631,43
9000351,43
9008012,44
9007937,44
9007805,44
9007796,44
9007713,44
9007408,44
9007407,44
9007405,44
9006918,44
9006222,44
9006094,44
9006093,44
9005978,44
9005976,44
9005822,44
9005819,44
9005760,44
9005715,44
9005697,44
9005652,44
9005568,44
9005562,44
9005447,44
9005423,44
9005313,44
9005284,44
9005182,44
9005176,44
9005072,44
9004791,44
9004781,44
9004608,44
9004605,44
9004371,44
9004092,44
9004083,44
9003988,44
9003940,44
9003907,44
9003798,44
9003796,44
9003766,44
9003733,44
9003527,44
9003502,44
9003420,44
9001674,44
9001625,44
9001604,44
9001596,44
9001592,44
9001468,44
9001467,44
9001429,44
9001245,44
9001244,44
9001184,44
9001180,44
9001121,44
9001099,44
9000784,44
9000633,44
9000632,44
9000571,44
9000569,44
9000447,44
9000160,44
9000029,44
9000021,44
9006056,45
9006053,45
9005808,45
9005564,45
9005189,45
9004358,45
9004091,45
9003993,45
9003923,45
9003898,45
9003823,45
9003797,45
9003765,45
9003764,45
9003547,45
9003500,45
9003430,45
9001759,45
9001754,45
9001672,45
9001628,45
9001627,45
9001624,45
9001600,45
9001598,45
9001594,45
9001469,45
9001432,45
9001431,45
9001430,45
9001428,45
9001417,45
9001416,45
9001415,45
9001259,45
9001248,45
9001246,45
9001243,45
9001242,45
9001241,45
9001240,45
9001183,45
9001181,45
9000918,45
9000914,45
9000793,45
9000790,45
9000780,45
9000679,45
9000635,45
9000634,45
9000630,45
9000579,45
9000473,45
9000472,45
9000462,45
9000452,45
9000449,45
9000441,45
9000392,45
9000386,45
9000244,45
9000238,45
9000167,45
9000158,45
9000121,45
9000108,45
9000102,45
9000099,45
9000092,45
9000080,45
9000072,45
9000069,45
9000036,45
9000019,45
9000479,45
9008019,46
9007831,46
9007673,46
9007330,46
9007196,46
9006931,46
9006691,46
9006565,46
9006393,46
9006182,46
9006007,46
9005756,46
9005425,46
9005128,46
9004734,46
9004106,46
9008000,47
9007824,47
9007674,47
9007672,47
9007659,47
9007346,47
9007197,47
9007163,47
9006920,47
9006634,47
9006567,47
9006450,47
9006324,47
9006135,47
9006072,47
9005838,47
9005665,47
9005419,47
9005196,47
9005115,47
9004741,47
9004111,47
9003529,47
9003335,47
9002804,47
9007994,48
9007667,48
9007664,48
9007658,48
9007293,48
9007291,48
9007166,48
9006929,48
9006713,48
9006564,48
9006442,48
9006323,48
9006109,48
9006021,48
9005758,48
9005664,48
9005442,48
9005251,48
9005108,48
9004730,48
9004105,48
9003528,48
9003332,48
9008004,49
9007665,49
9007294,49
9006928,49
9006635,49
9006394,49
9005859,49
9005681,49
9005456,49
9005185,49
9004103,49
9008010,50
9007995,50
9007803,50
9007802,50
9007733,50
9007732,50
9007668,50
9007576,50
9007572,50
9007283,50
9007254,50
9007235,50
9007168,50
9007165,50
9006916,50
9006913,50
9006911,50
9006852,50
9006708,50
9006603,50
9006599,50
9006562,50
9006524,50
9006516,50
9006514,50
9006507,50
9006501,50
9006498,50
9006491,50
9006490,50
9006485,50
9006478,50
9006471,50
9006470,50
9006465,50
9006464,50
9006463,50
9006460,50
9006448,50
9006418,50
9006415,50
9006410,50
9006407,50
9006331,50
9006326,50
9006325,50
9006316,50
9006297,50
9006296,50
9006291,50
9006289,50
9006230,50
9006228,50
9006221,50
9006220,50
9006208,50
9006177,50
9006171,50
9006162,50
9006157,50
9006155,50
9006150,50
9006114,50
9006113,50
9006108,50
9006099,50
9006079,50
9006078,50
9006067,50
9006012,50
9006010,50
9006004,50
9006002,50
9005993,50
9005991,50
9005982,50
9005968,50
9005935,50
9005933,50
9005930,50
9005929,50
9005928,50
9005909,50
9005908,50
9005885,50
9005884,50
9005825,50
9005786,50
9005764,50
9005731,50
9005719,50
9005718,50
9005717,50
9005692,50
9005672,50
9005670,50
9005669,50
9005636,50
9005635,50
9005634,50
9005420,50
9005414,50
9005401,50
9005381,50
9005378,50
9005377,50
9005376,50
9005375,50
9005374,50
9005372,50
9005371,50
9005370,50
9005364,50
9005360,50
9005354,50
9005298,50
9005288,50
9005231,50
9005214,50
9005210,50
9005169,50
9005168,50
9005159,50
9005136,50
9005061,50
9005059,50
9005055,50
9005053,50
9005052,50
9005049,50
9005045,50
9005040,50
9005034,50
9005032,50
9005024,50
9005023,50
9005002,50
9005000,50
9004994,50
9004842,50
9004841,50
9004840,50
9004819,50
9004818,50
9004813,50
9004812,50
9004811,50
9004810,50
9004809,50
9004808,50
9004807,50
9004806,50
9004805,50
9004804,50
9004803,50
9004802,50
9004798,50
9004744,50
9004742,50
9004731,50
9004687,50
9004686,50
9004656,50
9004650,50
9004612,50
9004604,50
9004592,50
9004565,50
9004564,50
9004481,50
9004474,50
9004462,50
9004304,50
9004302,50
9004301,50
9004300,50
9004292,50
9004284,50
9004276,50
9004274,50
9004246,50
9004224,50
9004194,50
9004164,50
9004163,50
9004162,50
9004160,50
9004159,50
9004156,50
9004155,50
9004151,50
9004150,50
9004146,50
9004144,50
9004141,50
9004138,50
9004136,50
9004134,50
9004132,50
9004131,50
9004128,50
9004108,50
9003971,50
9003970,50
9003953,50
9003939,50
9003932,50
9003928,50
9003924,50
9003919,50
9003885,50
9003853,50
9003851,50
9003846,50
9003845,50
9003825,50
9003816,50
9003811,50
9003808,50
9003803,50
9003802,50
9003790,50
9003781,50
9003724,50
9003723,50
9003721,50
9003541,50
9003539,50
9003538,50
9003535,50
9003530,50
9003512,50
9003471,50
9003431,50
9003429,50
9003428,50
9003421,50
9003419,50
9003417,50
9003415,50
9003414,50
9003412,50
9003411,50
9003410,50
9003409,50
9003408,50
9003407,50
9003406,50
9003405,50
9003404,50
9003403,50
9003402,50
9003401,50
9003400,50
9003399,50
9003367,50
9003366,50
9003365,50
9003359,50
9003358,50
9003343,50
9003307,50
9003305,50
9003304,50
9003302,50
9003299,50
9003194,50
9003155,50
9003154,50
9003117,50
9003097,50
9003095,50
9003094,50
9003089,50
9003088,50
9003086,50
9003085,50
9003084,50
9003080,50
9003078,50
9003056,50
9003055,50
9003039,50
9003038,50
9003003,50
9003002,50
9002944,50
9002943,50
9002928,50
9002914,50
9002912,50
9002903,50
9002886,50
9002875,50
9002855,50
9002850,50
9002824,50
9002823,50
9002812,50
9002791,50
9002788,50
9002779,50
9002778,50
9002777,50
9002769,50
9002765,50
9002762,50
9002761,50
9002758,50
9002757,50
9002754,50
9002753,50
9002751,50
9002750,50
9002749,50
9002748,50
9002746,50
9002697,50
9002696,50
9002686,50
9002685,50
9002684,50
9002683,50
9002673,50
9002670,50
9002669,50
9002667,50
9002647,50
9002644,50
9002636,50
9002594,50
9002593,50
9002589,50
9002561,50
9002549,50
9002542,50
9002538,50
9002537,50
9002495,50
9002490,50
9002469,50
9002466,50
9002459,50
9002457,50
9002433,50
9002432,50
9002365,50
9002363,50
9002358,50
9002345,50
9002344,50
9002343,50
9002341,50
9002339,50
9002338,50
9002337,50
9002336,50
9002335,50
9002332,50
9002330,50
9002329,50
9002328,50
9002326,50
9002324,50
9002323,50
9002321,50
9002318,50
9002317,50
9002316,50
9002314,50
9002313,50
9002311,50
9002308,50
9002300,50
9002293,50
9002285,50
9002284,50
9002281,50
9002279,50
9002275,50
9002272,50
9002269,50
9002263,50
9002257,50
9002244,50
9002235,50
9002231,50
9002220,50
9002215,50
9002178,50
9002148,50
9002126,50
9002124,50
9002123,50
9002090,50
9002087,50
9002085,50
9002083,50
9002057,50
9002033,50
9002032,50
9002021,50
9002019,50
9002018,50
9001998,50
9001995,50
9001994,50
9001993,50
9001989,50
9001988,50
9001983,50
9001982,50
9001981,50
9001980,50
9001979,50
9001978,50
9001975,50
9001974,50
9001968,50
9001967,50
9001964,50
9001918,50
9001916,50
9001912,50
9001907,50
9001855,50
9001853,50
9001852,50
9001851,50
9001842,50
9001838,50
9001837,50
9001833,50
9001775,50
9001750,50
9001727,50
9001717,50
9001712,50
9001711,50
9001697,50
9001696,50
9001675,50
9001667,50
9001666,50
9001661,50
9001657,50
9001650,50
9001649,50
9001626,50
9001620,50
9001601,50
9001588,50
9001587,50
9001569,50
9001563,50
9001562,50
9001554,50
9001537,50
9001536,50
9001535,50
9001533,50
9001532,50
9001531,50
9001529,50
9001528,50
9001527,50
9001526,50
9001524,50
9001521,50
9001519,50
9001518,50
9001517,50
9001515,50
9001513,50
9001510,50
9001509,50
9001506,50
9001505,50
9001482,50
9001481,50
9001462,50
9001460,50
9001458,50
9001455,50
9001451,50
9001449,50
9001433,50
9001427,50
9001426,50
9001424,50
9001422,50
9001401,50
9001266,50
9001264,50
9001262,50
9001255,50
9001253,50
9001251,50
9001189,50
9001187,50
9001186,50
9001185,50
9001178,50
9001163,50
9001156,50
9001153,50
9001140,50
9001139,50
9001136,50
9001135,50
9001132,50
9001129,50
9001127,50
9001119,50
9000917,50
9000910,50
9000907,50
9000906,50
9000903,50
9000894,50
9000891,50
9000890,50
9000889,50
9000888,50
9000887,50
9000886,50
9000885,50
9000882,50
9000880,50
9000877,50
9000869,50
9000867,50
9000864,50
9000862,50
9000842,50
9000841,50
9000836,50
9000832,50
9000830,50
9000775,50
9000774,50
9000683,50
9000674,50
9000626,50
9000625,50
9000611,50
9000578,50
9000577,50
9000572,50
9000570,50
9000564,50
9000505,50
9000485,50
9000480,50
9000478,50
9000475,50
9000474,50
9000471,50
9000470,50
9000468,50
9000467,50
9000464,50
9000461,50
9000459,50
9000454,50
9000446,50
9000438,50
9000430,50
9000388,50
9000384,50
9000382,50
9000350,50
9000332,50
9000328,50
9000319,50
9000317,50
9000316,50
9000299,50
9000293,50
9000282,50
9000268,50
9000267,50
9000265,50
9000264,50
9000245,50
9000232,50
9000213,50
9000212,50
9000211,50
9000206,50
9000205,50
9000204,50
9000195,50
9000190,50
9000147,50
9000145,50
9000140,50
9000139,50
9000137,50
9000129,50
9000118,50
9000117,50
9000116,50
9000115,50
9000101,50
9000010,50
9000005,50
9006561,50
9006488,50
9006409,50
9006338,50
9006337,50
9006290,50
9006206,50
9006164,50
9006152,50
9006147,50
9006146,50
9006075,50
9006000,50
9005923,50
9005919,50
9005914,50
9005911,50
9005910,50
9005906,50
9005835,50
9005805,50
9005804,50
9005799,50
9005656,50
9005642,50
9005629,50
9005380,50
9005369,50
9005267,50
9005211,50
9005051,50
9005046,50
9005037,50
9005031,50
9004696,50
9004694,50
9004601,50
9004195,50
9004139,50
9003982,50
9003841,50
9003820,50
9005285,50
9005088,50
9004753,50
9003903,50
9003780,50
9003340,50
9003037,50
9002930,50
9002811,50
9002668,50
9002587,50
9002494,50
9002359,50
9002267,50
9002086,50
9002058,50
9001859,50
9001849,50
9001254,50
9000315,50
9002981,50
9006153,51
9007599,51
9007537,51
9007523,51
9006960,51
9006709,51
9006520,51
9006483,51
9006482,51
9006469,51
9006178,51
9005989,51
9005921,51
9005918,51
9005779,51
9005643,51
9005387,51
9005386,51
9005353,51
9005325,51
9005215,51
9005050,51
9005048,51
9005047,51
9004993,51
9003193,51
9003091,51
9003081,51
9003015,51
9000514,51
9000486,51
9000469,51
9000465,51
9000463,51
9000215,51
9000174,51
9000065,51
9003734,51
9002176,51
9001559,51
9007991,52
9007602,52
9007547,52
9007536,52
9007528,52
9007516,52
9007515,52
9007256,52
9007255,52
9007234,52
9006692,52
9006532,52
9006515,52
9006484,52
9005974,52
9005363,52
9005038,52
9005036,52
9005035,52
9003705,52
9003172,52
9002492,52
9001984,52
9000876,52
9000861,52
9000773,52
9000678,52
9000477,52
9000214,52
9000066,52
9005980,52
9003330,52
9002239,52
9001566,52
9007600,53
9007535,53
9007527,53
9007233,53
9006523,53
9006489,53
9006479,53
9006159,53
9005163,53
9005060,53
9005057,53
9005022,53
9005981,53
9003331,53
9001485,53
9007454,56
9003821,60
9007526,62
9007553,63
9007545,63
9007506,63
9007232,63
9006710,63
9006467,63
9005998,63
9005434,63
9005359,63
9005087,63
9005028,63
9004767,63
9004766,63
9004765,63
9004764,63
9004763,63
9004161,63
9004140,63
9003737,63
9003413,63
9003096,63
9002913,63
9002770,63
9002333,63
9002319,63
9001987,63
9001555,63
9001534,63
9001520,63
9001516,63
9001155,63
9000883,63
9000865,63
9000863,63
9000605,63
9000482,63
9000361,63
9000224,63
9007715,64
9004768,64
9002274,64
9001990,64
9001792,64
9001212,64
9000489,64
9000487,64
9008002,65
9007785,65
9007590,65
9007546,65
9007530,65
9007529,65
9007521,65
9007520,65
9007518,65
9007341,65
9007164,65
9006699,65
9006557,65
9006481,65
9006473,65
9006412,65
9006333,65
9005997,65
9005992,65
9005917,65
9005907,65
9005901,65
9005797,65
9005573,65
9005389,65
9005379,65
9005362,65
9005361,65
9005333,65
9005216,65
9005121,65
9005056,65
9005043,65
9005039,65
9004839,65
9004715,65
9004613,65
9004542,65
9004317,65
9004148,65
9004145,65
9004137,65
9003977,65
9003731,65
9003497,65
9003435,65
9003360,65
9003357,65
9003356,65
9003192,65
9003083,65
9003082,65
9003018,65
9002858,65
9002857,65
9002809,65
9002768,65
9002759,65
9002755,65
9002672,65
9002553,65
9002468,65
9002327,65
9002322,65
9002320,65
9002315,65
9002258,65
9002237,65
9002117,65
9002059,65
9002036,65
9001985,65
9001752,65
9001720,65
9001719,65
9001716,65
9001659,65
9001591,65
9001558,65
9001530,65
9001522,65
9001503,65
9001502,65
9001483,65
9001452,65
9001260,65
9001152,65
9001128,65
9000916,65
9000911,65
9000893,65
9000884,65
9000878,65
9000871,65
9000839,65
9000666,65
9000606,65
9000513,65
9000488,65
9000484,65
9000466,65
9000418,65
9000407,65
9000406,65
9000400,65
9000327,65
9000295,65
9000283,65
9000236,65
9000198,65
9000122,65
9000120,65
9000038,65
9007946,66
9007709,66
9007505,66
9006163,66
9005926,66
9005806,66
9005581,66
9005574,66
9005404,66
9005029,66
9004283,66
9004157,66
9003941,66
9003531,66
9003432,66
9003079,66
9002634,66
9002591,66
9002467,66
9002256,66
9002229,66
9002088,66
9001911,66
9001783,66
9001718,66
9001504,66
9000847,66
9000816,66
9000624,66
9000506,66
9000442,66
9000408,66
9000163,66
9000119,66
9008011,67
9007929,67
9007725,67
9007532,67
9007531,67
9007519,67
9007510,67
9007509,67
9007398,67
9007289,67
9007180,67
9006686,67
9006556,67
9006486,67
9006476,67
9006468,67
9006414,67
9006295,67
9006160,67
9006038,67
9005949,67
9005922,67
9005913,67
9005553,67
9005411,67
9005383,67
9005382,67
9005365,67
9005357,67
9005239,67
9005122,67
9005044,67
9005030,67
9005027,67
9005026,67
9005025,67
9004838,67
9004719,67
9004603,67
9004599,67
9004153,67
9004152,67
9004142,67
9003470,67
9003361,67
9003198,67
9003093,67
9003087,67
9003054,67
9002884,67
9002819,67
9002764,67
9002763,67
9002752,67
9002692,67
9002671,67
9002548,67
9002508,67
9002331,67
9002253,67
9002236,67
9002116,67
9002039,67
9002035,67
9002034,67
9001997,67
9001991,67
9001986,67
9001889,67
9001843,67
9001758,67
9001724,67
9001715,67
9001713,67
9001660,67
9001658,67
9001459,67
9001450,67
9001265,67
9001261,67
9001214,67
9001158,67
9001157,67
9001104,67
9000879,67
9000874,67
9000846,67
9000843,67
9000809,67
9000673,67
9000627,67
9000574,67
9000563,67
9000493,67
9000460,67
9000369,67
9000331,67
9000289,67
9000286,67
9000281,67
9000241,67
9000240,67
9000209,67
9000189,67
9000175,67
9000172,67
9000109,67
9000107,67
9000100,67
9000052,67
9000050,67
9000039,67
9008018,68
9007788,68
9007542,68
9007541,68
9007453,68
9005967,68
9005920,68
9005803,68
9005358,68
9005332,68
9005041,68
9004473,68
9004154,68
9003969,68
9003830,68
9003532,68
9003426,68
9003300,68
9003120,68
9002507,68
9002360,68
9002091,68
9001892,68
9001654,68
9001511,68
9000913,68
9000838,68
9000677,68
9000573,68
9000512,68
9000483,68
9000433,68
9007773,69
9007534,69
9007533,69
9007244,69
9006641,69
9006480,69
9006387,69
9005963,69
9005916,69
9005903,69
9005646,69
9005427,69
9004746,69
9004693,69
9004596,69
9004143,69
9004135,69
9003872,69
9003499,69
9000872,69
9000870,69
9000810,69
9000675,69
9000490,69
9000481,69
9000458,69
9000371,69
9000159,69
9000093,69
9007787,70
9007517,70
9007290,70
9006106,70
9005902,70
9005787,70
9005413,70
9005107,70
9004692,70
9004602,70
9004336,70
9004149,70
9004133,70
9000123,70
9007540,71
9007539,71
9007511,71
9007437,71
9006598,71
9006477,71
9006039,71
9005964,71
9005924,71
9005912,71
9005421,71
9003306,71
9002890,71
9002766,71
9002756,71
9002364,71
9000124,71
9000070,71
9007945,72
9007512,72
9006694,72
9006475,72
9004090,72
9003929,72
9003871,72
9007990,73
9007920,73
9007738,73
9007524,73
9007350,73
9007191,73
9006720,73
9006647,73
9006513,73
9006391,73
9006236,73
9006207,73
9006156,73
9006049,73
9005990,73
9005874,73
9005792,73
9005661,73
9005603,73
9005453,73
9005336,73
9005266,73
9005212,73
9005120,73
9005063,73
9004797,73
9004769,73
9004652,73
9004577,73
9004475,73
9004316,73
9004082,73
9003917,73
9003863,73
9003800,73
9003736,73
9003537,73
9003433,73
9003333,73
9003195,73
9003180,73
9003126,73
9003017,73
9002984,73
9002915,73
9002821,73
9002780,73
9002691,73
9002674,73
9002554,73
9002520,73
9002471,73
9002362,73
9002265,73
9002238,73
9002122,73
9002038,73
9002020,73
9001857,73
9001839,73
9001793,73
9001721,73
9001655,73
9001602,73
9001553,73
9001457,73
9001418,73
9001267,73
9001133,73
9000915,73
9000868,73
9000776,73
9000575,73
9000436,73
9000330,73
9000294,73
9000165,73
9008006,74
9007922,74
9007799,74
9007736,74
9007538,74
9007457,74
9007243,74
9006886,74
9006646,74
9006555,74
9006521,74
9006447,74
9006377,74
9006317,74
9006194,74
9006172,74
9006048,74
9006013,74
9005871,74
9005865,74
9005832,74
9005798,74
9005708,74
9005641,74
9005579,74
9005406,74
9005394,74
9005306,74
9005268,74
9005194,74
9005187,74
9005086,74
9005003,74
9004743,74
9004614,74
9004593,74
9004590,74
9004551,74
9004480,74
9004476,74
9004278,74
9004229,74
9004192,74
9004078,74
9003937,74
9003918,74
9003864,74
9003826,74
9003799,74
9003722,74
9003533,74
9003472,74
9003424,74
9003422,74
9003334,74
9003301,74
9003204,74
9003203,74
9003179,74
9003119,74
9003053,74
9003022,74
9002998,74
9002982,74
9002929,74
9002885,74
9002856,74
9002820,74
9002818,74
9002790,74
9002735,74
9002688,74
9002642,74
9002590,74
9002552,74
9002543,74
9002511,74
9002470,74
9002460,74
9002366,74
9002334,74
9002282,74
9002255,74
9002177,74
9002149,74
9002125,74
9002089,74
9002082,74
9002037,74
9002030,74
9001996,74
9001973,74
9001946,74
9001891,74
9001861,74
9001841,74
9001840,74
9001794,74
9001791,74
9001766,74
9001756,74
9001723,74
9001714,74
9001681,74
9001671,74
9001663,74
9001656,74
9001648,74
9001586,74
9001525,74
9001507,74
9001484,74
9001453,74
9001423,74
9001420,74
9001263,74
9001162,74
9001151,74
9001130,74
9000902,74
9000873,74
9000866,74
9000845,74
9000844,74
9000837,74
9000676,74
9000628,74
9000576,74
9000562,74
9000491,74
9000476,74
9000437,74
9000387,74
9000370,74
9000329,74
9000292,74
9000284,74
9000230,74
9000218,74
9000188,74
9000125,74
9000082,74
9007544,75
9007179,75
9006472,75
9006219,75
9006104,75
9005607,75
9004561,75
9003019,75
9002747,75
9002687,75
9002465,75
9002211,75
9001976,75
9001908,75
9001832,75
9001708,75
9001610,75
9000680,75
9000405,75
9007508,76
9007439,76
9006487,76
9006462,76
9006446,76
9006223,76
9005915,76
9005747,76
9005612,76
9005367,76
9005283,76
9004780,76
9004762,76
9004147,76
9003182,76
9003090,76
9002999,76
9002689,76
9002472,76
9002346,76
9002325,76
9002273,76
9002262,76
9001795,76
9001589,76
9001523,76
9001512,76
9000875,76
9000831,76
9000672,76
9000404,76
9000290,76
9000196,76
9000074,76
9007444,77
9006461,77
9006229,77
9005356,77
9005137,77
9004127,77
9004080,77
9003536,77
9003303,77
9003092,77
9002983,77
9002690,77
9002512,77
9002340,77
9001790,77
9001611,77
9001508,77
9001421,77
9001150,77
9001134,77
9000516,77
9005904,78
9007507,78
9006232,78
9005385,78
9005071,78
9003951,78
9002294,78
9002121,78
9001977,78
9001709,78
9001652,78
9001609,78
9001538,78
9000840,78
9000833,78
9004772,79
9007543,79
9005355,79
9004158,79
9002760,79
9002312,79
9001992,79
9001710,79
9001514,79
9000892,79
9000881,79
9000681,79
9008053,80
9008050,80
9007801,80
9007800,80
9007777,80
9007597,80
9007595,80
9007594,80
9007589,80
9007184,80
9007176,80
9007162,80
9007161,80
9007155,80
9000229,80
9000372,81
9002107,83
9002100,83
9006893,84
9006892,84
9004771,84
9002406,84
9002106,84
9002104,84
9002097,84
9000544,84
9000539,84
9002413,86
9002412,86
9002411,86
9002108,86
9002105,86
9002103,86
9002102,86
9002101,86
9002099,86
9002098,86
9000538,86
9002414,90
9002405,90
9002404,90
9002403,90
9002402,90
9002401,90
9002400,90
9002399,90
9000535,90
9000534,90
9000409,90
9000285,90
9006698,91
9002410,91
9002409,91
9002408,91
9002407,91
9000374,91
9000543,93
9000542,93
9000541,93
9000540,93
9000537,93
9000536,93
9000375,93
9002517,93
9002461,93
9007817,95
9007798,95
9007782,95
9007568,95
9007561,95
9007560,95
9007559,95
9007552,95
9007409,95
9007189,95
9007188,95
9006885,95
9006882,95
9006881,95
9006880,95
9006872,95
9006870,95
9006851,95
9006833,95
9006832,95
9006831,95
9006830,95
9006643,95
9006642,95
9006558,95
9006554,95
9006413,95
9006365,95
9006363,95
9006361,95
9006358,95
9006356,95
9006315,95
9006304,95
9006299,95
9006298,95
9006294,95
9006293,95
9006292,95
9006199,95
9006188,95
9006181,95
9006077,95
9005852,95
9005841,95
9005840,95
9005682,95
9005671,95
9005616,95
9005615,95
9005604,95
9005335,95
9005299,95
9005290,95
9005286,95
9005256,95
9005255,95
9005218,95
9005147,95
9005146,95
9004779,95
9004778,95
9004777,95
9004695,95
9004671,95
9004670,95
9004669,95
9004668,95
9004667,95
9004666,95
9004665,95
9004664,95
9004663,95
9004662,95
9004586,95
9004570,95
9004114,95
9003981,95
9003967,95
9003966,95
9003926,95
9003777,95
9003776,95
9003726,95
9003516,95
9003515,95
9003513,95
9003475,95
9003473,95
9003427,95
9003423,95
9003349,95
9003341,95
9003197,95
9003196,95
9003128,95
9003127,95
9002927,95
9002926,95
9002925,95
9002924,95
9002794,95
9002793,95
9002792,95
9002597,95
9002595,95
9002592,95
9002544,95
9002526,95
9002525,95
9002524,95
9002361,95
9002287,95
9002286,95
9002250,95
9002249,95
9002248,95
9002247,95
9002246,95
9002245,95
9002029,95
9002027,95
9002026,95
9002025,95
9001896,95
9001895,95
9001894,95
9001670,95
9001631,95
9001590,95
9001585,95
9001584,95
9001475,95
9001464,95
9001454,95
9001419,95
9001269,95
9001268,95
9001258,95
9001161,95
9001138,95
9001137,95
9001131,95
9000772,95
9000771,95
9000610,95
9000581,95
9000499,95
9000492,95
9000457,95
9000456,95
9000455,95
9000301,95
9000297,95
9000296,95
9000249,95
9000248,95
9000246,95
9000138,95
9000103,95
9000097,95
9000078,95
8009697,95
8009696,95
9008101,96
9008100,96
9008099,96
9008098,96
9008097,96
9008096,96
9008095,96
9008094,96
9008093,96
9008092,96
9008091,96
9008090,96
9008089,96
9008088,96
9008087,96
9008086,96
9008085,96
9008084,96
9008083,96
9008082,96
9008081,96
9008080,96
9008079,96
9008078,96
9008077,96
9008076,96
9008075,96
9008074,96
9008073,96
9008072,96
9008071,96
9008070,96
9008069,96
9008068,96
9008067,96
9008066,96
9008065,96
9008064,96
9008063,96
9008062,96
9008061,96
9008060,96
9008059,96
9008058,96
9008057,96
9008056,96
9008055,96
9008054,96
9008023,96
9008022,96
9008021,96
9008020,96
9007989,96
9007988,96
9007987,96
9007986,96
9007985,96
9007984,96
9007983,96
9007982,96
9007981,96
9007980,96
9007979,96
9007978,96
9007977,96
9007976,96
9007975,96
9007974,96
9007973,96
9007972,96
9007971,96
9007970,96
9007969,96
9007968,96
9007967,96
9007966,96
9007965,96
9007964,96
9007963,96
9007962,96
9007961,96
9007960,96
9007959,96
9007958,96
9007957,96
9007956,96
9007955,96
9007954,96
9007953,96
9007952,96
9007951,96
9007950,96
9007949,96
9007948,96
9007917,96
9007916,96
9007915,96
9007914,96
9007913,96
9007912,96
9007911,96
9007910,96
9007909,96
9007908,96
9007907,96
9007906,96
9007905,96
9007904,96
9007903,96
9007902,96
9007901,96
9007900,96
9007899,96
9007898,96
9007897,96
9007896,96
9007895,96
9007894,96
9007893,96
9007892,96
9007891,96
9007890,96
9007889,96
9007888,96
9007887,96
9007886,96
9007885,96
9007884,96
9007883,96
9007882,96
9007881,96
9007880,96
9007852,96
9007851,96
9007850,96
9007849,96
9007848,96
9007847,96
9007846,96
9007845,96
9007844,96
9007843,96
9007842,96
9007841,96
9007840,96
9007839,96
9007838,96
9007837,96
9007836,96
9007835,96
9007834,96
9007833,96
9007832,96
9007770,96
9007769,96
9007768,96
9007767,96
9007766,96
9007765,96
9007764,96
9007763,96
9007762,96
9007761,96
9007760,96
9007759,96
9007758,96
9007757,96
9007756,96
9007755,96
9007754,96
9007753,96
9007752,96
9007751,96
9007750,96
9007749,96
9007748,96
9007747,96
9007707,96
9007706,96
9007705,96
9007704,96
9007703,96
9007702,96
9007701,96
9007700,96
9007699,96
9007698,96
9007697,96
9007696,96
9007695,96
9007694,96
9007693,96
9007692,96
9007691,96
9007690,96
9007689,96
9007688,96
9007687,96
9007686,96
9007685,96
9007684,96
9007683,96
9007682,96
9007681,96
9007680,96
9007679,96
9007678,96
9007677,96
9007676,96
9007675,96
9007632,96
9007631,96
9007630,96
9007629,96
9007628,96
9007627,96
9007626,96
9007625,96
9007624,96
9007623,96
9007622,96
9007621,96
9007620,96
9007619,96
9007618,96
9007617,96
9007616,96
9007615,96
9007614,96
9007613,96
9007612,96
9007611,96
9007610,96
9007609,96
9007608,96
9007607,96
9007606,96
9007605,96
9007604,96
9007603,96
9007484,96
9007483,96
9007482,96
9007481,96
9007480,96
9007479,96
9007478,96
9007477,96
9007476,96
9007475,96
9007474,96
9007473,96
9007472,96
9007471,96
9007470,96
9007467,96
9007466,96
9007465,96
9007464,96
9007463,96
9007462,96
9007461,96
9007460,96
9007426,96
9007425,96
9007424,96
9007423,96
9007422,96
9007421,96
9007420,96
9007419,96
9007418,96
9007417,96
9007416,96
9007415,96
9007414,96
9007413,96
9007412,96
9007411,96
9007410,96
9007397,96
9007396,96
9007395,96
9007394,96
9007393,96
9007392,96
9007391,96
9007390,96
9007389,96
9007388,96
9007387,96
9007386,96
9007385,96
9007384,96
9007383,96
9007382,96
9007381,96
9007380,96
9007379,96
9007378,96
9007377,96
9007376,96
9007375,96
9007374,96
9007373,96
9007372,96
9007371,96
9007370,96
9007369,96
9007368,96
9007367,96
9007366,96
9007365,96
9007364,96
9007363,96
9007362,96
9007361,96
9007360,96
9007359,96
9007358,96
9007357,96
9007356,96
9007355,96
9007354,96
9007353,96
9007352,96
9007329,96
9007328,96
9007327,96
9007326,96
9007313,96
9007312,96
9007311,96
9007310,96
9007309,96
9007308,96
9007307,96
9007306,96
9007305,96
9007304,96
9007303,96
9007302,96
9007301,96
9007300,96
9007299,96
9007298,96
9007297,96
9007296,96
9007270,96
9007269,96
9007268,96
9007267,96
9007266,96
9007265,96
9007264,96
9007263,96
9007262,96
9007261,96
9007260,96
9007259,96
9007258,96
9007257,96
9007211,96
9007210,96
9007209,96
9007208,96
9007207,96
9007206,96
9007205,96
9007204,96
9007150,96
9007149,96
9007148,96
9007147,96
9007146,96
9007145,96
9007144,96
9007143,96
9007142,96
9007141,96
9007140,96
9007139,96
9007138,96
9007137,96
9007136,96
9007135,96
9007134,96
9007133,96
9007132,96
9007131,96
9007130,96
9007129,96
9007128,96
9007127,96
9007126,96
9007125,96
9007124,96
9007123,96
9007122,96
9007121,96
9007120,96
9007119,96
9006959,96
9006958,96
9006957,96
9006956,96
9006955,96
9006954,96
9006953,96
9006952,96
9006951,96
9006950,96
9006949,96
9006948,96
9006947,96
9006946,96
9006945,96
9006944,96
9006943,96
9006942,96
9006941,96
9006940,96
9006868,96
9006867,96
9006866,96
9006865,96
9006864,96
9006863,96
9006862,96
9006861,96
9006860,96
9006859,96
9006858,96
9006857,96
9006856,96
9006855,96
9006854,96
9006853,96
9006753,96
9006752,96
9006751,96
9006750,96
9006749,96
9006748,96
9006747,96
9006746,96
9006745,96
9006744,96
9006743,96
9006742,96
9006741,96
9006740,96
9006739,96
9006738,96
9006737,96
9006736,96
9006735,96
9006734,96
9006733,96
9006732,96
9006731,96
9006730,96
9006729,96
9006728,96
9006727,96
9006726,96
9006725,96
9006724,96
9006685,96
9006684,96
9006683,96
9006682,96
9006681,96
9006680,96
9006679,96
9006678,96
9006677,96
9006676,96
9006675,96
9006674,96
9006673,96
9006672,96
9006671,96
9006670,96
9006669,96
9006668,96
9006667,96
9006666,96
9006665,96
9006664,96
9006625,96
9006624,96
9006623,96
9006622,96
9006621,96
9006620,96
9006619,96
9006618,96
9006617,96
9006616,96
9006615,96
9006614,96
9006613,96
9006612,96
9006611,96
9006610,96
9006609,96
9006608,96
9006607,96
9006606,96
9006605,96
9006604,96
